1239 516 1343 601
1440 344 1516 398
664 334 751 386
282 468 387 554
1269 520 1375 607
1441 344 1518 398
648 331 735 383
308 472 414 560
1303 524 1407 609
1438 344 1516 399
633 329 720 381
330 474 442 567
1332 524 1443 615
1441 344 1518 398
618 328 703 379
353 477 465 570
1363 527 1479 622
1438 344 1516 399
602 326 686 377
380 477 496 573
1394 534 1506 626
1441 344 1518 398
586 325 671 375
405 484 515 576
1428 539 1540 631
1438 345 1512 396
571 322 656 373
429 488 543 582
1461 541 1571 631
1441 344 1518 398
556 320 640 371
456 492 569 585
1493 547 1604 638
1438 344 1514 398
540 319 624 369
481 496 597 592
1522 547 1637 641
1440 344 1520 399
524 317 608 367
507 498 624 595
1560 554 1674 648
1438 344 1514 397
512 315 593 364
536 499 655 597
1591 555 1706 649
1439 344 1515 397
497 314 577 362
561 506 680 605
1631 560 1746 655
1439 344 1515 397
482 313 562 360
594 509 709 604
1662 568 1778 662
1439 344 1515 397
467 311 546 358
618 514 733 609
1694 568 1810 664
1441 344 1518 398
453 308 531 356
646 518 764 616
1732 576 1847 671
1438 344 1516 399
438 307 516 354
675 523 790 618
1745 585 1859 679
1441 344 1518 398
423 305 501 352
704 528 820 624
1742 585 1857 680
1439 345 1512 396
410 303 489 350
733 531 849 627
1745 585 1860 679
1441 344 1517 397
395 301 474 348
762 535 880 633
1745 585 1859 679
1438 345 1512 396
381 300 458 346
792 539 910 636
1742 585 1856 679
1441 344 1517 398
367 299 443 344
817 542 935 640
1745 585 1858 679
1440 345 1513 396
353 297 429 343
832 546 949 643
1747 585 1861 679
1440 345 1516 398
340 295 417 340
826 547 943 644
1745 585 1859 679
1440 345 1516 398
324 294 400 340
824 550 942 648
1748 586 1861 678
1440 344 1516 397
312 291 386 336
828 562 946 660
1745 585 1857 677
1439 344 1516 397
299 290 372 334
834 561 953 660
1746 585 1859 679
1440 344 1516 397
286 289 360 332
830 564 949 662
1743 585 1856 679
1438 345 1514 397
271 287 344 331
832 562 954 663
1745 586 1858 679
1441 345 1517 397
259 286 332 329
828 562 951 664
1748 585 1861 679
1440 345 1513 396
245 284 318 327
830 563 953 665
1745 585 1857 677
1439 344 1516 398
232 282 304 325
829 562 953 665
1745 586 1858 679
1440 344 1516 398
219 281 290 324
826 562 951 665
1745 586 1858 679
1439 344 1516 398
205 279 277 321
828 563 953 666
1748 586 1861 679
1440 344 1516 398
194 277 264 320
831 562 956 665
1745 585 1859 679
1440 344 1516 398
180 275 251 317
827 561 952 665
1746 585 1859 678
1440 344 1516 397
167 274 237 316
828 561 954 666
1745 585 1859 678
1438 344 1513 397
156 273 225 314
828 562 954 666
1743 585 1856 678
1441 344 1517 397
144 271 213 313
828 562 954 666
1745 586 1858 678
1440 345 1514 396
131 269 200 310
828 562 954 666
1743 586 1855 678
1440 345 1516 398
117 268 186 309
828 562 954 666
1745 586 1860 680
1440 345 1516 398
105 266 174 307
824 562 951 666
1745 585 1859 678
1441 344 1517 397
92 263 161 305
832 563 957 667
1745 585 1859 678
1440 344 1516 397
81 262 149 303
826 562 951 665
1743 585 1856 678
1438 345 1514 397
68 261 137 302
827 563 952 666
1745 586 1858 678
1441 345 1517 398
57 260 125 300
829 562 955 666
1745 586 1858 678
1440 345 1516 398
46 257 114 298
825 563 951 666
1747 585 1861 678
1441 344 1517 398
33 255 101 296
824 561 950 665
1745 585 1856 676
1440 344 1516 397
21 254 90 294
825 562 951 665
1745 585 1858 678
1440 344 1515 397
8 252 77 293
827 562 952 665
1745 586 1858 678
1440 345 1516 398
828 562 953 665
1745 586 1858 679
1440 345 1516 398
825 562 950 665
1748 585 1862 678
1441 344 1517 397
828 562 956 667
1743 585 1856 678
1439 345 1512 396
827 561 954 667
1745 585 1861 680
1441 344 1517 397
827 562 954 666
1745 585 1859 679
1440 345 1514 397
827 562 954 666
1742 586 1856 679
1440 345 1516 398
825 562 950 666
1748 586 1862 680
1441 344 1517 397
831 563 958 668
1743 585 1856 679
1438 344 1514 397
825 562 950 666
1746 586 1861 680
1441 344 1519 399
831 563 958 667
1745 585 1859 679
1438 344 1514 397
825 562 950 666
1745 586 1859 679
1440 345 1516 398
830 562 956 666
1745 586 1859 679
1441 344 1517 397
828 562 954 666
1745 586 1859 679
1438 345 1514 397
825 562 951 666
1745 586 1859 679
1441 344 1519 399
827 562 954 667
1742 586 1856 679
1438 345 1514 397
824 562 950 667
1748 586 1862 679
1441 345 1517 397
830 562 956 666
1745 586 1859 679
1440 344 1516 397
826 562 952 666
1748 586 1862 679
1438 344 1514 397
827 562 953 666
1743 586 1856 679
1440 345 1515 398
827 562 954 667
1746 586 1861 681
1440 345 1516 398
827 562 954 667
1745 586 1859 679
1440 345 1516 398
827 562 954 667
1746 586 1859 679
1440 345 1516 398
827 562 954 667
1746 586 1859 679
1440 344 1516 397
827 562 954 667
1746 586 1859 679
1438 345 1514 397
827 562 954 667
1746 586 1859 679
1442 344 1517 397
827 562 954 667
1746 586 1859 679
1439 345 1512 396
827 562 954 667
1746 586 1859 679
1441 345 1517 398
827 562 954 667
1746 586 1859 679
1440 344 1516 397
827 562 954 667
1746 586 1859 679
1438 345 1514 397
827 562 954 667
1746 586 1859 679
1442 344 1517 397
827 562 954 667
1743 586 1856 679
1439 345 1512 396
827 562 954 667
1748 585 1862 679
1441 345 1517 397
830 562 957 667
1745 585 1857 677
1440 344 1516 397
827 562 954 667
1746 586 1859 678
1440 344 1516 397
830 562 957 667
1743 586 1856 678
1438 345 1514 397
825 563 948 664
1748 586 1861 679
1440 345 1515 397
831 562 955 665
1745 585 1856 677
1440 345 1516 397
828 563 950 664
1745 586 1858 678
1440 344 1516 397
828 562 953 665
1745 586 1859 679
1440 344 1515 397
827 562 953 666
1745 586 1859 679
1439 344 1515 397
827 562 953 666
1746 586 1859 678
1440 345 1516 397
830 562 956 666
1746 586 1859 679
1442 345 1518 398
827 562 954 667
1745 586 1859 679
1439 345 1512 396
824 562 950 666
1745 586 1859 679
1441 345 1517 398
827 562 957 669
1745 586 1859 679
1440 344 1516 397
827 562 954 667
1746 586 1859 679
1440 344 1516 397
830 562 957 667
1742 586 1856 679
1438 345 1514 397
825 563 948 664
1747 585 1864 681
1440 345 1515 397
831 562 956 665
1742 585 1857 679
1441 345 1517 397
828 562 950 663
1747 585 1862 679
1440 344 1516 397
828 562 953 665
1745 585 1856 676
1442 344 1517 397
827 562 953 666
1745 586 1858 678
1438 345 1513 397
827 562 953 667
1748 586 1861 679
1442 345 1517 397
830 562 957 667
1743 585 1856 679
1440 344 1516 397
824 562 951 667
1745 585 1861 681
1440 344 1516 397
826 561 957 670
1745 585 1859 678
1440 344 1516 397
826 562 954 667
1745 585 1859 678
1440 345 1516 397
830 561 958 667
1745 585 1858 678
1440 345 1516 397
828 562 951 664
1745 586 1858 678
1440 345 1515 397
828 562 953 666
1745 586 1858 678
1440 345 1516 397
827 562 954 667
1745 586 1858 678
1442 344 1517 397
827 562 954 667
1745 586 1858 678
1440 344 1516 397
827 562 954 667
1742 585 1856 678
1438 345 1514 397
825 562 950 666
1747 585 1861 679
1440 345 1515 397
830 562 957 666
1745 585 1856 676
1442 344 1517 397
828 562 951 664
1745 586 1858 678
1440 344 1516 397
828 562 953 666
1745 585 1858 678
1438 345 1514 397
827 562 954 666
1742 585 1856 678
1440 345 1515 398
828 562 953 666
1747 585 1863 681
1442 345 1517 398
828 562 954 666
1742 585 1856 679
1440 345 1516 397
829 563 953 666
1745 585 1861 680
1440 344 1516 397
830 564 952 666
1745 585 1858 678
1438 345 1514 397
829 564 952 665
1745 585 1858 678
1442 345 1517 397
829 564 952 665
1745 585 1858 678
1440 345 1516 397
827 566 948 665
1745 585 1858 678
1438 345 1514 397
828 566 949 667
1745 585 1858 678
1442 345 1517 397
827 566 949 666
1745 585 1859 678
1440 345 1513 396
831 564 952 664
1746 586 1859 679
1440 345 1516 397
828 563 951 665
1742 586 1856 679
1440 344 1516 397
828 562 953 665
1749 587 1862 680
1440 345 1516 397
828 562 954 666
1745 586 1858 679
1442 344 1517 397
828 562 954 666
1746 587 1859 680
1440 344 1516 397
828 561 954 666
1744 586 1858 679
1440 345 1516 397
825 562 951 666
1746 585 1861 679
1438 345 1514 397
828 562 953 666
1745 585 1859 678
1441 344 1519 399
831 562 957 666
1745 585 1859 678
1438 344 1514 397
825 562 951 666
1745 585 1859 678
1442 344 1517 397
827 561 958 669
1742 585 1856 679
1438 345 1513 397
827 562 955 667
1747 584 1862 679
1442 345 1517 397
830 562 957 667
1746 585 1859 678
1440 345 1516 397
827 561 955 667
1745 585 1859 678
1440 344 1516 397
827 561 955 667
1745 585 1858 678
1440 344 1516 397
825 562 951 666
1743 585 1856 678
1438 345 1514 397
827 562 954 666
1747 585 1862 679
1442 345 1518 397
828 562 954 667
1743 585 1856 679
1438 345 1514 397
827 562 954 667
1745 586 1861 680
1441 344 1517 398
827 562 954 667
1745 585 1859 678
1440 344 1516 397
827 561 955 667
1746 586 1859 678
1438 344 1514 397
827 562 955 667
1746 586 1859 679
1441 345 1517 398
825 562 951 666
1746 586 1859 679
1438 345 1514 398
829 563 955 668
1748 585 1862 678
1442 344 1519 398
827 562 954 667
1745 585 1857 677
1438 344 1514 397
827 562 954 667
1746 586 1859 678
1440 344 1516 397
826 561 954 667
1743 586 1856 678
1438 345 1514 398
823 562 950 667
1746 586 1859 678
1440 344 1517 398
830 563 958 669
1748 585 1862 678
1440 344 1516 397
824 561 951 666
1745 585 1857 676
1438 344 1514 397
827 562 954 667
1746 586 1858 678
1440 344 1515 397
827 562 954 667
1746 586 1858 679
1438 345 1514 398
827 562 954 667
1746 586 1859 679
1441 344 1519 399
827 562 954 667
1746 586 1858 678
1438 344 1514 397
827 561 954 666
1743 586 1856 678
1439 344 1515 397
824 562 951 667
1748 585 1862 679
1441 344 1517 397
830 562 956 667
1743 584 1859 679
1440 345 1514 396
828 563 950 664
1746 586 1859 679
1440 345 1516 398
828 563 953 666
1746 586 1859 678
1440 344 1515 397
827 562 954 666
1746 586 1858 678
1438 344 1513 397
827 562 954 667
1746 586 1858 678
1441 344 1517 397
827 562 954 667
1746 586 1859 678
1439 345 1514 398
827 562 954 667
1743 586 1856 679
1439 345 1516 398
825 563 950 666
1746 586 1861 680
1439 344 1515 397
827 561 957 669
1746 586 1859 678
1440 344 1515 397
827 561 954 667
1743 586 1856 678
1442 344 1517 397
827 562 954 666
1746 586 1861 680
1438 345 1513 397
827 562 954 666
1746 586 1859 679
1442 345 1517 398
827 563 953 666
1746 586 1858 678
1440 344 1516 397
830 562 956 666
1746 586 1858 678
1438 345 1514 397
828 562 950 663
1743 586 1855 678
1440 344 1517 398
828 562 952 665
1747 585 1864 681
1440 344 1516 397
828 562 953 666
1742 585 1857 680
1438 345 1514 398
828 562 953 666
1746 585 1861 679
1441 344 1516 396
827 562 954 666
1746 585 1859 678
1438 345 1514 397
827 562 954 666
1742 585 1855 678
1439 344 1515 397
825 562 950 666
1747 584 1863 679
1441 344 1517 397
829 561 959 669
1741 584 1856 678
1438 345 1515 399
824 562 951 667
1746 585 1862 679
1441 344 1517 397
827 562 957 669
